defect cooperate tit_for_tat coin_flip biased_random susp_tit_for_tat grudger waffler 
  5   15   20   10   10   10   10   10  
  4   15   22    9   10    9   11   10  
  3   15   24    8   11    7   12   10  
  2   15   26    7   11    6   14    9  
  0   15   28    6   11    6   15    8  
  0   16   29    5   12    5   16    7  
  0   16   30    4   13    4   17    6  
  0   16   31    3   13    4   18    5  
  0   16   32    2   13    4   18    5  
  0   16   33    1   14    3   18    5  
  0   16   33    1   15    2   18    5  
  0   16   33    1   15    2   18    5  
  0   16   33    1   15    2   19    4  
  0   16   33    1   15    2   19    4  
  0   16   33    1   15    2   19    4  
  0   16   33    1   15    2   19    4  
  0   16   33    1   15    2   19    4  
  0   16   33    1   15    2   19    4  
  0   16   33    1   15    2   19    4  
  0   16   33    1   15    2   19    4  
  0   16   33    1   15    2   19    4  
  0   16   33    1   15    2   19    4  
  0   16   33    1   15    2   19    4  
  0   16   33    1   15    2   19    4  
  0   16   33    1   15    2   19    4  
  0   16   33    1   15    2   19    4  
  0   16   33    1   15    2   19    4  
  0   16   33    1   15    2   19    4  
  0   16   33    1   15    2   19    4  
  0   16   33    1   15    2   19    4  
  0   16   33    1   15    2   19    4  
  0   16   33    1   15    2   19    4  
  0   16   33    1   15    2   19    4  
  0   16   33    1   15    2   19    4  
  0   16   33    1   15    2   19    4  
  0   16   33    1   15    2   19    4  
  0   16   33    1   15    2   19    4  
  0   16   33    1   15    2   19    4  
  0   16   33    1   15    2   19    4  
  0   16   33    1   15    2   19    4  
